route_id,service_id,trip_id,trip_short_name
1,1,11506,11506
2,2,11504,11504
3,3,11523,11523
4,4,11531A,11531A
5,1,11505,11505
6,4,11534,11534
6,5,11532,11532
3,5,11525,11525
4,5,11533,11533
4,4,11537,11537
7,6,11502,11502
3,1,11521,11521
8,7,11501,11501
9,4,11520,11520
9,5,11522,11522
6,8,11538,11538
10,9,11500,11500
6,5,11536,11536
11,10,11510,11510
5,3,11509,11509
4,4,11531,11531
4,5,11535,11535
12,11,Auto10550,Auto10550
13,12,10619,10619
12,11,Auto10560,Auto10560
14,13,14123,14123
15,12,10506,10506
16,12,10764,10764
17,12,10646,10646
18,14,Auto10565,Auto10565
19,12,10579,10579
20,15,10680,10680
12,14,Auto10554,Auto10554
21,12,10518,10518
22,12,10609,10609
12,14,Auto10552,Auto10552
23,16,10737,10737
24,17,10527,10527
13,12,10627,10627
13,12,10621,10621
16,12,10762,10762
25,12,10522,10522
26,12,10668,10668
27,18,Auto10679,Auto10679
28,12,10616,10616
27,18,Auto10681,Auto10681
29,12,10633,10633
16,12,10760,10760
22,12,10605,10605
30,12,10692,10692
31,12,10519,10519
32,12,10769,10769
12,14,Auto10562,Auto10562
33,16,10734,10734
30,12,10684,10684
34,19,10502,10502
35,12,14151,14151
18,14,Auto10563,Auto10563
36,12,10689,10689
37,12,10603,10603
38,12,10636,10636
39,12,10665,10665
13,12,10625,10625
23,12,10733,10733
39,12,10671,10671
40,20,10511,10511
41,18,Auto10658,Auto10658
36,21,14141,14141
42,12,10622,10622
43,22,10507,10507
36,12,10687,10687
44,12,10608,10608
45,12,10735,10735
16,12,10766,10766
46,12,10673,10673
47,12,10528,10528
48,15,10683,10683
48,23,10681,10681
18,14,Auto10569,Auto10569
49,18,Auto10682,Auto10682
27,18,Auto10677,Auto10677
42,12,10624,10624
50,24,10529,10529
17,12,10644,10644
30,12,10688,10688
48,15,10677,10677
51,12,10580,10580
52,12,10508,10508
53,15,10678,10678
54,12,10516,10516
26,12,10662,10662
36,12,10691,10691
55,25,Auto10567,Auto10567
18,26,Auto10555,Auto10555
26,12,10670,10670
18,25,Auto10551,Auto10551
44,13,14120,14120
42,12,10626,10626
39,12,10669,10669
25,12,14100,14100
16,12,10768,10768
56,12,10645,10645
42,12,10618,10618
57,12,10610,10610
48,27,10679,10679
20,15,10682,10682
58,12,10572,10572
59,12,10578,10578
51,12,10582,10582
27,18,Auto10683,Auto10683
60,12,10533,10533
13,12,10617,10617
57,12,10606,10606
25,12,10520,10520
42,12,10620,10620
61,12,10634,10634
46,12,10675,10675
62,12,10583,10583
63,12,10535,10535
25,12,10524,10524
64,11,Auto10564,Auto10564
26,12,10660,10660
65,12,10515,10515
66,12,10607,10607
67,12,10674,10674
49,18,Auto10680,Auto10680
18,28,Auto10561,Auto10561
26,12,10664,10664
24,12,10525,10525
68,19,10503,10503
69,29,10614,10614
62,12,10581,10581
70,12,10514,10514
45,30,10739,10739
18,14,Auto10553,Auto10553
36,12,10685,10685
18,14,Auto10557,Auto10557
57,12,10602,10602
12,14,Auto10556,Auto10556
71,18,Auto10659,Auto10659
51,12,10584,10584
61,12,10632,10632
41,18,Auto10656,Auto10656
32,12,10767,10767
30,12,10690,10690
56,12,10643,10643
59,12,10576,10576
50,12,10521,10521
26,12,10666,10666
72,18,Auto10678,Auto10678
73,30,10736,10736
74,12,10573,10573
39,12,10667,10667
24,12,10523,10523
44,12,10604,10604
13,12,10629,10629
45,12,10731,10731
75,12,10585,10585
39,12,10661,10661
76,12,10738,10738
70,12,10512,10512
22,13,14121,14121
77,19,10501,10501
33,12,10732,10732
78,13,14122,14122
79,12,10513,10513
13,12,10623,10623
31,12,10517,10517
71,31,Auto10653,Auto10653
80,12,10534,10534
36,12,10693,10693
67,12,10676,10676
19,12,10577,10577
56,12,10641,10641
30,12,10686,10686
40,12,10509,10509
81,19,10504,10504
82,21,14140,14140
83,12,10531,10531
17,12,10642,10642
84,12,10635,10635
32,12,10765,10765
12,14,Auto10558,Auto10558
32,12,10763,10763
39,12,10663,10663
73,12,10730,10730
18,25,Auto10559,Auto10559
26,12,10672,10672
12,32,Auto10566,Auto10566
32,12,10761,10761
84,12,10637,10637
85,12,11363,11363
86,12,11442,11442
87,12,11447,11447
88,12,11033,11033
89,12,11350,11350
90,12,11323,11323
91,12,11434,11434
89,12,11344,11344
92,12,11209,11209
93,12,11411,11411
94,12,11202,11202
95,12,11462,11462
96,12,11109,11109
97,12,11343,11343
98,12,11425,11425
99,12,11376,11376
100,12,11279,11279
101,12,11107,11107
102,12,11475,11475
103,12,11445,11445
104,13,AUTO11186,AUTO11186
105,12,11317,11317
85,12,11365,11365
98,12,11427,11427
106,12,11486,11486
88,12,11039,11039
107,12,11393,11393
107,12,11391,11391
108,12,14203,14203
109,12,11392,11392
97,12,11335,11335
98,12,11429,11429
100,12,11271,11271
105,12,11321,11321
110,12,14246,14246
111,12,11378,11378
112,12,11276,11276
113,12,11441,11441
89,12,11346,11346
114,12,11402,11402
115,12,11103,11103
116,12,11014,11014
117,13,11032A,11032A
118,12,11211,11211
107,12,11399,11399
119,12,11058,11058
120,12,11422,11422
121,12,11178,11178
122,12,11168,11168
114,12,11404,11404
114,12,11408,11408
123,12,11148,11148
124,12,11301,11301
125,12,11491,11491
89,12,11348,11348
117,12,11030,11030
126,12,11366,11366
93,12,11405,11405
106,12,11480,11480
127,12,11020,11020
107,12,11389,11389
102,12,11483,11483
128,12,11461,11461
89,12,11340,11340
106,12,11484,11484
129,12,11106,11106
130,12,11147,11147
130,12,11145,11145
97,12,11355,11355
131,12,11318,11318
88,13,11031A,11031A
110,12,11122,11122
132,12,11208,11208
88,12,11037,11037
133,12,11443,11443
97,12,11349,11349
134,12,11101,11101
135,12,11364,11364
114,12,11400,11400
89,12,11342,11342
114,12,11410,11410
98,12,11431,11431
112,12,11274,11274
89,12,11334,11334
112,12,11278,11278
91,12,11430,11430
88,13,11033A,11033A
97,12,11337,11337
114,12,11406,11406
136,12,11454,11454
111,12,11374,11374
137,12,11127,11127
138,12,11360,11360
88,12,11031,11031
106,12,11474,11474
109,12,11396,11396
139,12,11187,11187
118,12,11207,11207
102,12,11485,11485
97,12,11347,11347
132,12,11212,11212
137,12,14247,14247
109,12,11388,11388
127,12,11016,11016
97,12,11345,11345
140,12,14205,14205
89,12,11356,11356
99,12,11372,11372
118,12,11213,11213
88,13,11035A,11035A
89,12,11338,11338
99,12,11384,11384
98,12,11433,11433
141,13,AUTO11185,AUTO11185
85,12,11361,11361
142,33,11012,11012
132,12,11200,11200
93,12,11401,11401
97,12,11333,11333
102,12,11487,11487
93,12,11409,11409
143,12,11455,11455
91,12,11432,11432
144,12,11063,11063
110,12,11124,11124
145,12,11161,11161
106,12,11478,11478
146,12,11302,11302
145,12,11171,11171
147,12,11062,11062
122,12,11160,11160
148,12,11164,11164
123,12,11146,11146
149,34,11084,11084
150,12,11322,11322
135,12,11362,11362
117,12,11028,11028
151,12,14245,14245
91,12,11426,11426
152,12,11185,11185
104,13,AUTO11182,AUTO11182
137,12,11123,11123
87,12,11449,11449
152,12,11189,11189
102,12,11489,11489
98,12,11423,11423
92,12,11201,11201
109,12,11398,11398
117,12,11038,11038
153,12,11182,11182
97,12,11357,11357
112,12,11280,11280
111,12,11382,11382
121,12,14248,14248
121,12,11162,11162
100,12,11275,11275
154,12,11019,11019
100,12,11277,11277
155,12,11065,11065
121,12,11174,11174
156,12,11446,11446
112,12,11270,11270
89,12,11352,11352
157,12,11367,11367
158,12,11108,11108
118,12,11203,11203
102,12,11477,11477
89,12,11332,11332
159,12,14250,14250
109,12,11390,11390
141,13,AUTO11181,AUTO11181
149,35,11094,11094
88,12,11029,11029
160,12,11105,11105
150,12,11312,11312
97,12,11351,11351
102,12,11481,11481
161,12,11440,11440
162,12,11435,11435
122,12,11176,11176
148,12,11172,11172
93,12,11413,11413
107,12,11395,11395
163,35,11096,11096
132,12,11204,11204
164,33,11011,11011
105,12,11315,11315
89,12,11336,11336
126,12,11368,11368
162,12,11437,11437
165,12,11054,11054
106,12,11476,11476
121,12,11170,11170
93,12,11403,11403
103,12,11451,11451
166,12,11018,11018
94,12,11210,11210
124,12,11303,11303
107,12,11397,11397
131,12,11316,11316
112,12,11272,11272
152,12,11183,11183
89,12,11330,11330
97,12,11331,11331
164,12,11017,11017
109,12,11394,11394
129,12,11104,11104
129,12,11102,11102
161,12,11444,11444
117,12,11036,11036
100,12,11281,11281
118,12,11205,11205
130,12,11143,11143
143,12,11453,11453
131,12,11310,11310
130,12,11149,11149
167,12,11314,11314
132,12,11206,11206
147,12,11064,11064
165,12,11052,11052
99,12,11380,11380
102,12,11479,11479
168,12,14244,14244
117,12,11034,11034
169,12,11473,11473
110,12,11120,11120
97,12,11339,11339
169,12,11471,11471
170,12,11126,11126
111,12,11370,11370
171,34,11086,11086
114,12,11412,11412
172,12,11082,11082
97,12,11341,11341
97,12,11353,11353
88,12,11035,11035
93,12,11407,11407
121,12,11166,11166
105,12,11311,11311
137,12,11121,11121
91,12,11428,11428
123,12,11140,11140
137,12,11125,11125
173,13,14291,14291
150,12,11320,11320
153,12,11184,11184
123,12,11142,11142
123,12,11144,11144
119,12,11056,11056
154,12,11015,11015
146,12,11300,11300
174,12,11180,11180
106,12,11482,11482
90,12,11313,11313
106,12,11470,11470
106,12,11472,11472
173,12,11013,11013
117,12,11032,11032
175,12,14204,14204
90,12,11319,11319
100,12,11273,11273
153,12,11186,11186
89,12,11354,11354
176,12,11450,11450
86,12,11448,11448
130,12,11141,11141
120,12,11424,11424
177,12,11100,11100
122,12,11158,11158
175,12,14202,14202
178,12,11081,11081
179,12,11631,11631
180,36,11616,11616
181,12,11632,11632
182,36,11611,11611
183,37,11682,11682
184,12,11613,11613
181,38,11636,11636
183,39,11684,11684
181,12,11634,11634
185,12,11614,11614
186,12,11615,11615
179,38,11633,11633
187,37,11683,11683
188,12,11612,11612
187,39,11681,11681
179,12,11635,11635
189,12,10242,10242
190,13,Auto10310,Auto10310
191,40,Auto10035,Auto10035
192,13,Auto10305,Auto10305
193,12,10362,10362
194,12,10239,10239
193,12,10364,10364
192,13,Auto10309,Auto10309
195,12,10289,10289
196,12,10108,10108
197,41,10058,10058
193,12,10352,10352
198,12,10105,10105
194,12,10233,10233
199,12,10065,10065
192,13,Auto10315,Auto10315
200,12,10284,10284
201,12,10119,10119
202,12,10021,10021
203,12,10232,10232
204,13,14030,14030
191,42,Auto10033,Auto10033
205,12,10210,10210
193,43,10360,10360
206,12,10411,10411
200,12,10270,10270
201,12,10121,10121
207,13,Auto10320,Auto10320
203,12,10226,10226
208,12,10209,10209
209,16,10241,10241
210,31,Auto10403,Auto10403
209,16,10251,10251
211,12,10361,10361
200,12,10278,10278
212,34,10082,10082
213,12,10031,10031
214,34,10084,10084
215,12,10075,10075
196,12,10120,10120
209,12,10249,10249
209,12,10245,10245
196,12,10124,10124
203,44,10230,10230
192,13,Auto10313,Auto10313
211,43,10359,10359
208,12,10205,10205
194,44,10227,10227
216,13,Auto10341,Auto10341
215,12,10063,10063
217,12,10051,10051
218,13,Auto10323,Auto10323
215,12,10077,10077
211,12,10351,10351
190,13,Auto10302,Auto10302
194,12,10235,10235
195,12,10287,10287
194,12,10229,10229
193,12,10358,10358
217,12,10053,10053
219,12,10263,10263
195,12,10281,10281
209,12,10257,10257
206,12,10413,10413
220,13,Auto10340,Auto10340
221,12,10262,10262
222,12,10129,10129
195,12,10275,10275
223,12,10067,10067
197,41,10056,10056
203,12,10222,10222
224,13,Auto10331,Auto10331
225,12,10410,10410
200,12,10282,10282
219,12,10261,10261
201,12,10113,10113
226,31,Auto10034,Auto10034
227,12,10024,10024
209,12,10243,10243
196,12,10114,10114
199,12,10069,10069
228,12,10093,10093
203,12,10236,10236
201,12,10107,10107
200,12,10276,10276
193,17,10366,10366
229,41,10057,10057
201,12,10117,10117
190,13,Auto10300,Auto10300
189,16,10246,10246
230,24,10074*,10074*
225,12,10416,10416
199,12,10061,10061
231,12,10182,10182
232,31,Auto10402,Auto10402
200,12,10288,10288
226,45,Auto10038,Auto10038
189,16,10254,10254
222,12,10131,10131
233,12,10092,10092
211,12,10365,10365
232,31,Auto10400,Auto10400
234,13,Auto10330,Auto10330
235,12,10052,10052
189,12,10256,10256
189,12,10250,10250
236,12,10104,10104
211,16,10355,10355
192,13,Auto10301,Auto10301
200,12,10290,10290
237,12,10132,10132
189,12,10252,10252
196,12,10122,10122
203,12,10234,10234
192,13,Auto10311,Auto10311
232,31,Auto10406,Auto10406
219,12,10267,10267
196,12,10112,10112
191,31,Auto10039,Auto10039
227,12,10022,10022
193,12,10348,10348
234,13,Auto10332,Auto10332
192,13,Auto10307,Auto10307
196,12,10116,10116
195,12,10293,10293
236,12,10102,10102
196,12,10110,10110
231,12,10184,10184
238,34,10085,10085
211,17,10363,10363
191,45,Auto10037,Auto10037
239,12,10055,10055
240,12,10202,10202
210,31,Auto10405,Auto10405
203,12,10220,10220
241,34,10081,10081
194,46,10225,10225
221,12,10266,10266
211,12,10357,10357
201,12,10109,10109
200,12,10272,10272
195,12,10291,10291
242,13,Auto10321,Auto10321
195,12,10273,10273
210,31,Auto10407,Auto10407
194,12,10231,10231
203,46,10228,10228
203,12,10224,10224
195,12,10285,10285
243,34,10083,10083
215,12,10079,10079
202,12,10023,10023
230,12,10072,10072
244,12,10030,10030
233,12,10090,10090
206,12,10417,10417
189,12,10240,10240
203,12,10238,10238
198,12,10103,10103
236,12,10106,10106
190,13,Auto10304,Auto10304
245,24,10073,10073
225,12,10412,10412
200,12,10280,10280
246,12,10064,10064
230,24,10074,10074
196,12,10118,10118
247,34,10086,10086
221,12,10260,10260
248,12,10071,10071
225,12,10414,10414
194,12,10223,10223
193,12,10350,10350
195,12,10279,10279
209,16,10247,10247
201,12,10123,10123
198,12,10101,10101
220,13,Auto10344,Auto10344
192,13,Auto10303,Auto10303
249,12,10181,10181
226,31,Auto10036,Auto10036
229,41,10059,10059
195,12,10271,10271
246,12,10062,10062
250,12,10164,10164
251,12,10091,10091
210,31,Auto10401,Auto10401
190,13,Auto10306,Auto10306
235,12,10054,10054
252,12,10201,10201
226,47,Auto10032,Auto10032
208,12,10203,10203
193,16,10354,10354
207,13,Auto10324,Auto10324
201,12,10115,10115
195,12,10283,10283
206,12,10415,10415
195,17,10277,10277
209,12,10255,10255
253,13,Auto10346,Auto10346
209,16,10253,10253
201,12,10111,10111
190,13,Auto10308,Auto10308
249,12,10183,10183
207,13,Auto10322,Auto10322
211,12,10349,10349
194,17,10237,10237
254,12,10050,10050
218,13,Auto10325,Auto10325
211,12,10353,10353
237,12,10130,10130
193,12,10356,10356
189,43,10258,10258
232,31,Auto10404,Auto10404
209,24,10259,10259
189,17,10248,10248
200,12,10274,10274
200,12,10286,10286
211,12,10367,10367
255,12,10165,10165
194,12,10221,10221
